0 1.5 0.01
0.1 1.5 0.01
0.2 1.5 0.01
0.3 1.5 0.01
0.4 1.5 0.01
0.5 1.5 0.01
0.6 1.5 0.01
0.7 1.5 0.01
0.8 1.5 0.01
0.9 1.5 0.01
1 1.5 0.01
1.1 1.5 0.01
1.2 1.5 0.01
1.3 1.5 0.01
1.4 1.5 0.01
1.5 1.5 0.01
1.6 1.5 0.01
1.7 1.5 0.01
1.8 1.5 0.01
1.9 1.5 0.01
2 1.81506875 0.5
2.1 1.84001204006783 0.517142857142857
2.2 1.86469399360892 0.534285714285714
2.3 1.88912112518183 0.551428571428572
2.4 1.91329989731944 0.568571428571429
2.5 1.93723672052895 0.585714285714286
2.6 1.96093795329185 0.602857142857143
2.7 1.984409902064 0.62
2.8 2.00765882127553 0.637142857142857
2.9 2.03069091333091 0.654285714285714
3 2.05351232860891 0.671428571428572
3.1 2.07612916546265 0.688571428571429
3.2 2.09854747021954 0.705714285714286
3.3 2.1207732371813 0.722857142857143
3.4 2.142812408624 0.74
3.5 2.164670874798 0.757142857142857
3.6 2.18635447392799 0.774285714285715
3.7 2.20786899221297 0.791428571428572
3.8 2.22922016382627 0.808571428571429
3.9 2.25041367091551 0.825714285714286
4 2.27145514360267 0.842857142857143
4.1 2.292350159984 0.86
4.2 2.31310424613011 0.877142857142857
4.3 2.33372287608589 0.894285714285714
4.4 2.35421147187058 0.911428571428571
4.5 2.37457540347772 0.928571428571428
4.6 2.39481998887516 0.945714285714286
4.7 2.41495049400509 0.962857142857143
4.8 2.434972132784 0.98
4.9 2.4548900671027 0.997142857142857
5 2.47470940682632 1.01428571428571
5.1 2.49443520979431 1.03142857142857
5.2 2.51407248182043 1.04857142857143
5.3 2.53362617669277 1.06571428571429
5.4 2.55310119617372 1.08285714285714
5.5 2.57250239 1.1
5.6 2.59183455588264 1.11714285714286
5.7 2.611102439507 1.13428571428571
5.8 2.63031073453274 1.15142857142857
5.9 2.64946408259385 1.16857142857143
5.99999999999999 2.66856707329862 1.18571428571428
6.09999999999999 2.6876242442297 1.20285714285714
6.19999999999999 2.706640080944 1.22
6.29999999999999 2.72561901697279 1.23714285714286
6.39999999999999 2.74456543382163 1.25428571428571
6.49999999999999 2.76348366097043 1.27142857142857
6.59999999999999 2.78237797587338 1.28857142857143
6.69999999999999 2.80125260395901 1.30571428571428
6.79999999999999 2.82011171863016 1.32285714285714
6.89999999999999 2.838959441264 1.34
6.99999999999999 2.85779984121199 1.35714285714286
7.09999999999999 2.87663693579994 1.37428571428571
7.19999999999999 2.89547469032796 1.39142857142857
7.29999999999999 2.91431701807046 1.40857142857143
7.39999999999999 2.93316778027621 1.42571428571428
7.49999999999999 2.95203078616826 1.44285714285714
7.59999999999999 2.970909792944 1.46
7.69999999999999 2.98980850577512 1.47714285714286
7.79999999999999 3.00873057780764 1.49428571428571
7.89999999999999 3.02767961016189 1.51142857142857
7.99999999999999 3.04665915193253 1.52857142857143
8.09999999999999 3.06567270018851 1.54571428571428
8.19999999999999 3.08472369997313 1.56285714285714
8.29999999999999 3.103815544304 1.58
8.39999999999999 3.12295157417302 1.59714285714285
8.49999999999999 3.14213507854644 1.61428571428571
8.59999999999999 3.1613692943648 1.63142857142857
8.69999999999999 3.180657406543 1.64857142857143
8.79999999999998 3.2000025479702 1.66571428571428
8.89999999999998 3.21940779950993 1.68285714285714
8.99999999999998 3.23887619 1.7
9.09999999999998 3.25841069625255 1.71714285714285
9.19999999999998 3.27801424305405 1.73428571428571
9.29999999999998 3.29768970316527 1.75142857142857
9.39999999999998 3.31743989732131 1.76857142857143
9.49999999999998 3.33726759423157 1.78571428571428
9.59999999999998 3.35717551057978 1.80285714285714
9.69999999999998 3.377166311024 1.82
9.79999999999998 3.39724260819657 1.83714285714285
9.89999999999998 3.4174069627042 1.85428571428571
9.99999999999998 3.43766188312786 1.87142857142857
10.1 3.45800982602288 1.88857142857143
10.2 3.47845319591889 1.90571428571428
10.3 3.49899434531984 1.92285714285714
10.4 3.519635574704 1.94
10.5 3.54037913252394 1.95714285714285
10.6 3.56122721520659 1.97428571428571
10.7 3.58218196715314 1.99142857142857
10.8 3.60324548073915 2.00857142857142
10.9 3.62441979631446 2.02571428571428
11 3.64570690220324 2.04285714285714
11.1 3.66710873470399 2.06
11.2 3.68862717808952 2.07714285714285
11.3 3.71026406460693 2.09428571428571
11.4 3.73202117447769 2.11142857142857
11.5 3.75390023589754 2.12857142857142
11.6 3.77590292503656 2.14571428571428
11.7 3.79803086603914 2.16285714285714
11.8 3.82028563102399 2.18
11.9 3.84266874008415 2.19714285714285
12 3.86518166128696 2.21428571428571
12.1 3.88782581067407 2.23142857142857
12.2 3.91060255226148 2.24857142857142
12.3 3.93351319803947 2.26571428571428
12.4 3.95655900797266 2.28285714285714
12.5 3.97974118999999 2.29999999999999
12.6 4.0030609000347 2.31714285714285
12.7 4.02651924196437 2.33428571428571
12.8 4.05011726765087 2.35142857142857
12.9 4.0738559769304 2.36857142857142
13 4.09773631761349 2.38571428571428
13.1 4.12175918548497 2.40285714285714
13.2 4.14592542430399 2.41999999999999
13.3 4.17023582580403 2.43714285714285
13.4 4.19469112969288 2.45428571428571
13.5 4.21929202365264 2.47142857142857
13.6 4.24403914333973 2.48857142857142
13.7 4.26893307238489 2.50571428571428
13.8 4.29397434239319 2.52285714285714
13.9 4.31916343294399 2.53999999999999
14 4.34450077159099 2.55714285714285
14.1 4.36998673386221 2.57428571428571
14.2 4.39562164325996 2.59142857142857
14.3 4.42140577126089 2.60857142857142
14.4 4.44733933731597 2.62571428571428
14.5 4.47342250885047 2.64285714285714
14.6 4.49965540126399 2.65999999999999
14.7 4.52603807793044 2.67714285714285
14.8 4.55257055019807 2.69428571428571
14.9 4.5792527773894 2.71142857142856
15 4.60608466680132 2.72857142857142
15.1 4.633066073705 2.74571428571428
15.2 4.66019680134595 2.76285714285714
15.3 4.68747660094399 2.77999999999999
15.4 4.71490517169324 2.79714285714285
15.5 4.74248216076217 2.81428571428571
15.6 4.77020716329354 2.83142857142856
15.7 4.79807972240445 2.84857142857142
15.8 4.82609932918629 2.86571428571428
15.9 4.85426542270479 2.88285714285714
16 4.88257738999999 2.89999999999999
16.1 4.91103456608624 2.91714285714285
16.2 4.93963623395223 2.93428571428571
16.3 4.96838162456095 2.95142857142856
16.4 4.99726991684969 2.96857142857142
16.5 5.0263002377301 2.98571428571428
16.6 5.05547166208811 3.00285714285714
16.7 5.08478321278399 3.01999999999999
16.8 5.11423386065231 3.03714285714285
16.9 5.14382252450197 3.05428571428571
17 5.17354807111619 3.07142857142857
17.1 5.20340931525249 3.08857142857142
17.2 5.23340501964273 3.10571428571428
17.3 5.26353389499307 3.12285714285714
17.4 5.29379459998399 3.14
17.5 5.3241857412703 3.15714285714285
17.6 5.3547058734811 3.17428571428571
17.7 5.38535349921985 3.19142857142857
17.8 5.41612706906428 3.20857142857143
17.9 5.44702498156646 3.22571428571428
18 5.4780455832528 3.24285714285714
18.1 5.509187168624 3.26
18.2 5.54044798015506 3.27714285714285
18.3 5.57182620829533 3.29428571428571
18.4 5.60331999146848 3.31142857142857
18.5 5.63492741607247 3.32857142857143
18.6 5.66664651647959 3.34571428571428
18.7 5.69847527503646 3.36285714285714
18.8 5.730411622064 3.38
18.9 5.76245343585745 3.39714285714286
19 5.79459854268638 3.41428571428571
19.1 5.82684471679466 3.43142857142857
19.2 5.85918968040049 3.44857142857143
19.3 5.89163110369639 3.46571428571429
19.4 5.92416660484917 3.48285714285714
19.5 5.95679375 3.5
19.6 5.98951005326433 3.51714285714286
19.7 6.02231297673196 3.53428571428572
19.8 6.05519993046697 3.55142857142857
19.9 6.08816827250778 3.56857142857143
20 6.12121530886714 3.58571428571429
20.1 6.15433829353209 3.60285714285714
20.2 6.187534428464 3.62
20.3 6.22080086359856 3.63714285714286
20.4 6.25413469684578 3.65428571428572
20.5 6.28753297408997 3.67142857142857
20.6 6.32099268918977 3.68857142857143
20.7 6.35451078397814 3.70571428571429
20.8 6.38808414826236 3.72285714285715
20.9 6.42170961982401 3.74
21 6.455383984419 3.75714285714286
21.1 6.48910397577756 3.77428571428572
21.2 6.52286627560423 3.79142857142858
21.3 6.55666751357788 3.80857142857143
21.4 6.59050426735167 3.82571428571429
21.5 6.62437306255311 3.84285714285715
21.6 6.65827037278401 3.86000000000001
21.7 6.6921926196205 3.87714285714286
21.8 6.72613617261301 3.89428571428572
21.9 6.76009734928633 3.91142857142858
22 6.79407241513954 3.92857142857144
22.1 6.82805758364602 3.94571428571429
22.2 6.8620490162535 3.96285714285715
22.3 6.89604282238401 3.98000000000001
22.4 6.93003505943391 3.99714285714286
22.5 6.96402173277386 4.01428571428572
22.6000000000001 6.99799879574884 4.03142857142858
22.7000000000001 7.03196214967818 4.04857142857144
22.8000000000001 7.06590764385547 4.06571428571429
22.9000000000001 7.09983107554866 4.08285714285715
23.0000000000001 7.13372819000002 4.10000000000001
